irradiance
    min:0.12656237511668192
    max:667.54635523357661
    range:5274.4455421142675

    reduce to: 256
